Current time is 2020-10-25T19:42:05.808
Julia Version 1.5.3-pre.13
Commit 3de1115e9c (2020-10-23 21:58 UTC)
Platform Info:
  OS: Linux (x86_64-linux-gnu)
  CPU: AMD EPYC 7502 32-Core Processor
  WORD_SIZE: 64
  LIBM: libopenlibm
  LLVM: libLLVM-9.0.1 (ORCJIT, znver2)
Environment:
  JULIA_DEPOT_PATH = ::/usr/local/share/julia
  JULIA_NUM_THREADS = 2
  JULIA_MAX_NUM_PRECOMPILE_FILES = 9223372036854775807
  JULIA_PKG_SERVER = 

Starting installation at 2020-10-25T19:42:08.984
  Resolving package versions...
  Installed TransformUtils ─ v0.2.6
Updating `~/.julia/environments/v1.5/Project.toml`
  [9b8138ad] + TransformUtils v0.2.6
Updating `~/.julia/environments/v1.5/Manifest.toml`
  [9b8138ad] + TransformUtils v0.2.6
  [8f399da3] + Libdl
  [37e2e46d] + LinearAlgebra
Starting tests at 2020-10-25T19:42:12.321
    Testing TransformUtils
Status `/tmp/jl_lCFbSZ/Project.toml`
  [9b8138ad] TransformUtils v0.2.6
  [37e2e46d] LinearAlgebra
  [8dfed614] Test
Status `/tmp/jl_lCFbSZ/Manifest.toml`
  [9b8138ad] TransformUtils v0.2.6
  [2a0f44e3] Base64
  [8ba89e20] Distributed
  [b77e0a4c] InteractiveUtils
  [8f399da3] Libdl
  [37e2e46d] LinearAlgebra
  [56ddb016] Logging
  [d6f4376e] Markdown
  [9a3f8284] Random
  [9e88b42a] Serialization
  [6462fe0b] Sockets
  [8dfed614] Test
Test Summary:                               |
Constructors SO3, Quaternion, AngleAxis...  | No tests
Test Summary:                           | Pass  Total
Ensure basic quaternion operations hold |   10     10
Test Summary:                                       | Pass  Total
Comparison functions for SO3, Quaternion, AngleAxis |    5      5
Test Summary:                                        | Pass  Total
Trivial case quaterion -> SO3 -> Euler -> quaternion |    2      2
┌ Warning: Need better coverage on convert function tests
└ @ Main ~/.julia/packages/TransformUtils/cFZOw/test/runtests.jl:89
dAA = AngleAxis(0.7853981633974483, [1.0, 0.0, 0.0])
dAA = so3([0.0 0.1743307170240083 -0.12276609239975148; -0.1743307170240083 0.0 -0.08617152669658402; 0.12276609239975148 0.08617152669658402 0.0])
dAA = so3([0.0 -0.15959376785727564 -0.19643755880699032; 0.15959376785727564 0.0 0.04995111182025197; 0.19643755880699032 -0.04995111182025197 0.0])
dAA = so3([0.0 -0.08463757121812197 0.010820312090281156; 0.08463757121812197 0.0 -0.01708016039967191; -0.010820312090281156 0.01708016039967191 0.0])
dAA = Quaternion(0.9906994422939902, [-0.11269893357540642, 0.03642433391715426, -0.0669838287054017])
dAA = SO3([0.9935700008687972 -0.06355164985868215 0.09370080668712415; 0.058431098558774305 0.9966960233633487 0.056416697288142734; -0.09697659560323381 -0.05057889690302264 0.9940006615155145])
Test Summary:                        | Pass  Total
Compare SO3 and quaternion rotations |   24     24
Test Summary:       | Pass  Total
Basic SE3 mechanics |    4      4
Compare operations on two different SE3 transforms
xi = SE3(SO3([0.8066624852748037 -0.34227891155112583 -0.48180990188834205; 0.4015091140974975 0.915596049631455 0.021778548985568143; 0.4336889048003418 -0.21101900532096787 0.8760050874546502]), [0.8617152669658402, -1.2276609239975147, -1.7433071702400829])
xj = SE3(SO3([0.9299785906670817 0.2870040525259364 0.2297139410975268; -0.3660755001628822 0.7801203596282207 0.5073469746377043; -0.03359388458282388 -0.5559144703344439 0.8305603846749559]), [0.1708016039967191, 0.10820312090281156, 0.8463757121812197])
Dx = SE3(SO3([0.5886268964239563 0.3036468989762532 0.7492108765550631; -0.6464003934858379 0.7333482033768363 0.21063462181066167; -0.4854739005421972 -0.6082754091249056 0.6279459519307959]), [1.1021441897991273, 0.9131247129470277, 2.6305576046036725])
Test Summary:         | Pass  Total
SE3 ⊕ and ⊖ mechanics |    6      6
TransformUtils.convert(Euler, q) = Euler(0.7853981633974484, 0.0, 1.5707963267948963, Quaternion(1.0, [0.0, 0.0, 0.0]))
Test Summary:              | Pass  Total
Previous discovered issues |    3      3
Test Summary:      | Pass  Total
test SO3 logmap... |  301    301
Test Summary:                              | Pass  Total
test in-place and efficient inverse SE3... |    1      1
    Testing TransformUtils tests passed 
Finished at 2020-10-25T19:42:34.526
