Current time is 2020-10-25T20:50:25.034
Julia Version 1.5.3-pre.0
Commit 5905edebb1 (2020-09-24 05:09 UTC)
Platform Info:
  OS: Linux (x86_64-pc-linux-gnu)
  CPU: AMD EPYC 7502 32-Core Processor
  WORD_SIZE: 64
  LIBM: libopenlibm
  LLVM: libLLVM-9.0.1 (ORCJIT, znver2)
Environment:
  JULIA_DEPOT_PATH = ::/usr/local/share/julia
  JULIA_NUM_THREADS = 2
  JULIA_MAX_NUM_PRECOMPILE_FILES = 9223372036854775807
  JULIA_PKG_SERVER = 

Starting installation at 2020-10-25T20:50:28.007
  Resolving package versions...
  Installed TransformUtils ─ v0.2.6
Updating `~/.julia/environments/v1.5/Project.toml`
  [9b8138ad] + TransformUtils v0.2.6
Updating `~/.julia/environments/v1.5/Manifest.toml`
  [9b8138ad] + TransformUtils v0.2.6
  [8f399da3] + Libdl
  [37e2e46d] + LinearAlgebra
Starting tests at 2020-10-25T20:50:30.661
    Testing TransformUtils
Status `/tmp/jl_jKFamZ/Project.toml`
  [9b8138ad] TransformUtils v0.2.6
  [37e2e46d] LinearAlgebra
  [8dfed614] Test
Status `/tmp/jl_jKFamZ/Manifest.toml`
  [9b8138ad] TransformUtils v0.2.6
  [2a0f44e3] Base64
  [8ba89e20] Distributed
  [b77e0a4c] InteractiveUtils
  [8f399da3] Libdl
  [37e2e46d] LinearAlgebra
  [56ddb016] Logging
  [d6f4376e] Markdown
  [9a3f8284] Random
  [9e88b42a] Serialization
  [6462fe0b] Sockets
  [8dfed614] Test
Test Summary:                               |
Constructors SO3, Quaternion, AngleAxis...  | No tests
Test Summary:                           | Pass  Total
Ensure basic quaternion operations hold |   10     10
Test Summary:                                       | Pass  Total
Comparison functions for SO3, Quaternion, AngleAxis |    5      5
Test Summary:                                        | Pass  Total
Trivial case quaterion -> SO3 -> Euler -> quaternion |    2      2
┌ Warning: Need better coverage on convert function tests
└ @ Main ~/.julia/packages/TransformUtils/cFZOw/test/runtests.jl:89
dAA = AngleAxis(0.7853981633974483, [1.0, 0.0, 0.0])
dAA = so3([0.0 0.025956354621298413 0.1416090169815852; -0.025956354621298413 0.0 0.0583306054444111; -0.1416090169815852 -0.0583306054444111 0.0])
dAA = so3([0.0 -0.07032691911903699 -0.07147671404784965; 0.07032691911903699 0.0 -0.08180951903916552; 0.07147671404784965 0.08180951903916552 0.0])
dAA = so3([0.0 0.12118040811124896 -0.04911939845341333; -0.12118040811124896 0.0 0.017589495307654784; 0.04911939845341333 -0.017589495307654784 0.0])
dAA = Quaternion(0.9988132327657978, [-0.034967625518603204, 0.0035993263568428677, -0.03371106743050259])
dAA = SO3([0.9879545923053498 0.12726618784890728 0.08802863723344098; -0.11683293029911387 0.9864761354739288 -0.11495608090982103; -0.10146817205652472 0.10328674441006246 0.9894625098954876])
Test Summary:                        | Pass  Total
Compare SO3 and quaternion rotations |   24     24
Test Summary:       | Pass  Total
Basic SE3 mechanics |    4      4
Compare operations on two different SE3 transforms
xi = SE3(SO3([0.9688518855581864 -0.1908806288003245 -0.15776758031718544; 0.15465158239241972 0.9639452943746625 -0.2165464327031637; 0.19341383589047456 0.18540241368908314 0.9634402073218631]), [-0.583306054444111, 1.416090169815852, -0.2595635462129841])
xj = SE3(SO3([0.9856981217471997 0.16638910635378612 0.026718496792127806; -0.16849748433753786 0.9704672214050061 0.17263247073006888; 0.002794737190447491 -0.17466550164596145 0.9846238631979224]), [-0.17589495307654784, -0.49119398453413327, -1.2118040811124895])
Dx = SE3(SO3([0.9294776221043054 0.27750796620638696 0.2430240290574597; -0.35005488340680674 0.8713334485784988 0.34385985516100526; -0.11633111626032437 -0.40468178866894333 0.907027960599524]), [-0.0844199933302231, -2.092832166413251, -0.568687502245222])
Test Summary:         | Pass  Total
SE3 ⊕ and ⊖ mechanics |    6      6
TransformUtils.convert(Euler, q) = Euler(0.7853981633974484, 0.0, 1.5707963267948963, Quaternion(1.0, [0.0, 0.0, 0.0]))
Test Summary:              | Pass  Total
Previous discovered issues |    3      3
Test Summary:      | Pass  Total
test SO3 logmap... |  301    301
Test Summary:                              | Pass  Total
test in-place and efficient inverse SE3... |    1      1
    Testing TransformUtils tests passed 
Finished at 2020-10-25T20:50:48.811
