Running tests with Julia v1.3.1-pre.12
 Resolving package versions...
 Installed TransformUtils ─ v0.2.2
  Updating `~/.julia/environments/v1.3/Project.toml`
  [9b8138ad] + TransformUtils v0.2.2
  Updating `~/.julia/environments/v1.3/Manifest.toml`
  [9b8138ad] + TransformUtils v0.2.2
  [2a0f44e3] + Base64 
  [8ba89e20] + Distributed 
  [b77e0a4c] + InteractiveUtils 
  [8f399da3] + Libdl 
  [37e2e46d] + LinearAlgebra 
  [56ddb016] + Logging 
  [d6f4376e] + Markdown 
  [de0858da] + Printf 
  [9abbd945] + Profile 
  [9a3f8284] + Random 
  [9e88b42a] + Serialization 
  [6462fe0b] + Sockets 
  [8dfed614] + Test 
  [4ec0a83e] + Unicode 
   Testing TransformUtils
    Status `/tmp/jl_UEEBw1/Manifest.toml`
  [9b8138ad] TransformUtils v0.2.2
  [2a0f44e3] Base64  [`@stdlib/Base64`]
  [8ba89e20] Distributed  [`@stdlib/Distributed`]
  [b77e0a4c] InteractiveUtils  [`@stdlib/InteractiveUtils`]
  [8f399da3] Libdl  [`@stdlib/Libdl`]
  [37e2e46d] LinearAlgebra  [`@stdlib/LinearAlgebra`]
  [56ddb016] Logging  [`@stdlib/Logging`]
  [d6f4376e] Markdown  [`@stdlib/Markdown`]
  [de0858da] Printf  [`@stdlib/Printf`]
  [9abbd945] Profile  [`@stdlib/Profile`]
  [9a3f8284] Random  [`@stdlib/Random`]
  [9e88b42a] Serialization  [`@stdlib/Serialization`]
  [6462fe0b] Sockets  [`@stdlib/Sockets`]
  [8dfed614] Test  [`@stdlib/Test`]
  [4ec0a83e] Unicode  [`@stdlib/Unicode`]
Test Summary:                               |
Constructors SO3, Quaternion, AngleAxis...  | No tests
Test Summary:                           | Pass  Total
Ensure basic quaternion operations hold |   10     10
Test Summary:                                       | Pass  Total
Comparison functions for SO3, Quaternion, AngleAxis |    5      5
Test Summary:                                        | Pass  Total
Trivial case quaterion -> SO3 -> Euler -> quaternion |    2      2
┌ Warning: Need better coverage on convert function tests
└ @ Main ~/.julia/packages/TransformUtils/x61q0/test/runtests.jl:67
dAA = AngleAxis(0.7853981633974483, [1.0, 0.0, 0.0])
dAA = so3([0.0 -0.08499354597760983 0.024323108847728012; 0.08499354597760983 0.0 0.030496773936708684; -0.024323108847728012 -0.030496773936708684 0.0])
dAA = so3([0.0 0.08821524412181456 0.041255063968388045; -0.08821524412181456 0.0 0.05782588135217773; -0.041255063968388045 -0.05782588135217773 0.0])
dAA = so3([0.0 -0.09728865837885892 0.16595675634522666; 0.09728865837885892 0.0 0.16851802666948806; -0.16595675634522666 -0.16851802666948806 0.0])
dAA = Quaternion(0.9976155122732218, [-0.061041812447228304, -0.024857966952157237, 0.020476041707336023])
dAA = SO3([0.9828701130407735 -0.03867717697203497 -0.18019549626084325; 0.036924554337116784 0.9992325600570116 -0.01307165670130173; 0.1805627818190199 0.006194102306651385 0.9835439567799664])
Test Summary:                        | Pass  Total
Compare SO3 and quaternion rotations |   24     24
Test Summary:       | Pass  Total
Basic SE3 mechanics |    4      4
Compare operations on two different SE3 transforms
xi = SE3(SO3([0.9705602637706017 0.21019766199806766 0.1175998183675728; -0.22500837717830763 0.9654636633972457 0.1313436136976382; -0.08593023093838657 -0.15393783664231503 0.9843369026206218]), [-0.3049677393670868, 0.24323108847728012, 0.8499354597760983])
xj = SE3(SO3([0.9871563995996163 -0.0897136153241219 -0.13218816117564436; 0.1256452860115911 0.9470228707113323 0.2955688489214192; 0.09866866185668134 -0.30838150005333126 0.9461317802464249]), [-1.6851802666948805, 1.6595675634522664, 0.9728865837885892])
Dx = SE3(SO3([0.9213449127729426 -0.2736612559255844 -0.2761033659929753; 0.3136150849930054 0.9429301588661362 0.11192986181315936; 0.2297153241998649 -0.18971618936167467 0.954588203007892]), [-1.6688322248358465, 1.0583771253845213, 0.14473933689677132])
Test Summary:         | Pass  Total
SE3 ⊕ and ⊖ mechanics |    6      6
TransformUtils.convert(Euler, q) = Euler(0.7853981633974484, 0.0, 1.5707963267948963, Quaternion(1.0, [0.0, 0.0, 0.0]))
Test Summary:              | Pass  Total
Previous discovered issues |    3      3
Test Summary:      | Pass  Total
test SO3 logmap... |  301    301
Test Summary:                              | Pass  Total
test in-place and efficient inverse SE3... |    1      1
   Testing TransformUtils tests passed 
