   Cloning default registries into `~/.julia`
   Cloning registry from "https://github.com/JuliaRegistries/General.git"
[?25l    Fetching: [>                                        ]  0.0 %    Fetching: [=============>                           ]  31.4 %    Fetching: [=============================>           ]  71.7 %[2K[?25h     Added registry `General` to `~/.julia/registries/General`
 Resolving package versions...
 Installed TransformUtils ─ v0.2.2
  Updating `~/.julia/environments/v1.3/Project.toml`
  [9b8138ad] + TransformUtils v0.2.2
  Updating `~/.julia/environments/v1.3/Manifest.toml`
  [9b8138ad] + TransformUtils v0.2.2
  [2a0f44e3] + Base64 
  [8ba89e20] + Distributed 
  [b77e0a4c] + InteractiveUtils 
  [8f399da3] + Libdl 
  [37e2e46d] + LinearAlgebra 
  [56ddb016] + Logging 
  [d6f4376e] + Markdown 
  [de0858da] + Printf 
  [9abbd945] + Profile 
  [9a3f8284] + Random 
  [9e88b42a] + Serialization 
  [6462fe0b] + Sockets 
  [8dfed614] + Test 
  [4ec0a83e] + Unicode 
   Testing TransformUtils
    Status `/tmp/jl_uOOmQ2/Manifest.toml`
  [9b8138ad] TransformUtils v0.2.2
  [2a0f44e3] Base64  [`@stdlib/Base64`]
  [8ba89e20] Distributed  [`@stdlib/Distributed`]
  [b77e0a4c] InteractiveUtils  [`@stdlib/InteractiveUtils`]
  [8f399da3] Libdl  [`@stdlib/Libdl`]
  [37e2e46d] LinearAlgebra  [`@stdlib/LinearAlgebra`]
  [56ddb016] Logging  [`@stdlib/Logging`]
  [d6f4376e] Markdown  [`@stdlib/Markdown`]
  [de0858da] Printf  [`@stdlib/Printf`]
  [9abbd945] Profile  [`@stdlib/Profile`]
  [9a3f8284] Random  [`@stdlib/Random`]
  [9e88b42a] Serialization  [`@stdlib/Serialization`]
  [6462fe0b] Sockets  [`@stdlib/Sockets`]
  [8dfed614] Test  [`@stdlib/Test`]
  [4ec0a83e] Unicode  [`@stdlib/Unicode`]
Test Summary:                               |
Constructors SO3, Quaternion, AngleAxis...  | No tests
Test Summary:                           | Pass  Total
Ensure basic quaternion operations hold |   10     10
Test Summary:                                       | Pass  Total
Comparison functions for SO3, Quaternion, AngleAxis |    5      5
Test Summary:                                        | Pass  Total
Trivial case quaterion -> SO3 -> Euler -> quaternion |    2      2
┌ Warning: Need better coverage on convert function tests
└ @ Main ~/.julia/packages/TransformUtils/x61q0/test/runtests.jl:67
dAA = AngleAxis(0.7853981633974483, [1.0, 0.0, 0.0])
dAA = so3([0.0 0.029343893326426784 -0.008990491754200998; -0.029343893326426784 0.0 0.06023433442777298; 0.008990491754200998 -0.06023433442777298 0.0])
dAA = so3([0.0 -0.06507654095440596 -0.005751694938859941; 0.06507654095440596 0.0 -0.08921154156641418; 0.005751694938859941 0.08921154156641418 0.0])
dAA = so3([0.0 -0.10619153528627992 0.05184319099124666; 0.10619153528627992 0.0 0.011988312692592928; -0.05184319099124666 -0.011988312692592928 0.0])
dAA = Quaternion(0.9974736452029178, [0.007112906624529067, -0.026174207057478735, 0.06565549915937385])
dAA = SO3([0.9805086526372467 0.10760709585838658 0.16438824478780445; -0.11506928930404224 0.9926852552588009 0.036538235464126496; -0.15925401333264333 -0.05474209452234472 0.9857187541711646])
Test Summary:                        | Pass  Total
Compare SO3 and quaternion rotations |   24     24
Test Summary:       | Pass  Total
Basic SE3 mechanics |    4      4
Compare operations on two different SE3 transforms
xi = SE3(SO3([0.9867470998325364 -0.16222049514989292 0.0038303949407339864; 0.15903388075002708 0.9621368670874428 -0.22136140983637245; 0.03222399332274937 0.21903689174311222 0.9751843181213752]), [-0.6023433442777297, -0.08990491754200998, -0.29343893326426784])
xj = SE3(SO3([0.9380525096301613 -0.32285048759140245 -0.12579766229366077; 0.3193090804878904 0.9464378541722287 -0.04792806388584011; 0.13453326835595036 0.004790704735312064 0.9908974966431214]), [-0.11988312692592927, 0.5184319099124666, 1.0619153528627991])
Dx = SE3(SO3([0.9807367547380959 -0.16790172183519694 -0.099821990115226; 0.18451544468111594 0.9640250589371737 0.19133670953402793; 0.06410513692301242 -0.2060696424657331 0.9764352686553915]), [0.6164873141958275, 0.8039109439960079, 1.188905960724648])
Test Summary:         | Pass  Total
SE3 ⊕ and ⊖ mechanics |    6      6
TransformUtils.convert(Euler, q) = Euler(0.7853981633974484, 0.0, 1.5707963267948963, Quaternion(1.0, [0.0, 0.0, 0.0]))
Test Summary:              | Pass  Total
Previous discovered issues |    3      3
Test Summary:      | Pass  Total
test SO3 logmap... |  301    301
Test Summary:                              | Pass  Total
test in-place and efficient inverse SE3... |    1      1
   Testing TransformUtils tests passed 
